{
    "camera_angle_x": 0.6911112070083618,
    "frames": [
      
        {
            "file_path": "./train/r_4",
            "rotation": 0.012566370614359171,
            "transform_matrix": [
                [
                    -0.6566542387008667,
                    -0.2367822825908661,
                    0.7160581946372986,
                    2.8865230083465576
                ],
                [
                    0.7541918158531189,
                    -0.20615987479686737,
                    0.623452365398407,
                    2.513216972351074
                ],
                [
                    -1.4901162970204496e-08,
                    0.9494377970695496,
                    0.31395500898361206,
                    1.26559317111969
                ],
                [
                    0.0,
                    0.0,
                    0.0,
                    1.0
                ]
            ]
        },
   
        
     
        {
            "file_path": "./train/r_25",
            "rotation": 0.012566370614359171,
            "transform_matrix": [
                [
                    -0.1613457202911377,
                    -0.3997095823287964,
                    0.9023301005363464,
                    3.637409210205078
                ],
                [
                    0.9868979454040527,
                    -0.06534761935472488,
                    0.14751990139484406,
                    0.5946717858314514
                ],
                [
                    3.725290298461914e-09,
                    0.914309561252594,
                    0.40501612424850464,
                    1.6326723098754883
                ],
                [
                    0.0,
                    0.0,
                    0.0,
                    1.0
                ]
            ]
        },
        
        {
            "file_path": "./train/r_63",
            "rotation": 0.012566370614359171,
            "transform_matrix": [
                [
                    0.7933609485626221,
                    -0.19958899915218353,
                    0.5751022100448608,
                    2.3183114528656006
                ],
                [
                    0.6087514758110046,
                    0.2601161599159241,
                    -0.7495071887969971,
                    -3.021360397338867
                ],
                [
                    0.0,
                    0.9447241425514221,
                    0.3278660774230957,
                    1.3216705322265625
                ],
                [
                    0.0,
                    0.0,
                    0.0,
                    1.0
                ]
            ]
        },
     
        {
            "file_path": "./train/r_68",
            "rotation": 0.012566370614359171,
            "transform_matrix": [
                [
                    0.5215556025505066,
                    -0.4440380930900574,
                    0.7285671234130859,
                    2.9369475841522217
                ],
                [
                    0.8532173037528992,
                    0.2714320719242096,
                    -0.4453592896461487,
                    -1.7953004837036133
                ],
                [
                    0.0,
                    0.8539056777954102,
                    0.520427942276001,
                    2.097911834716797
                ],
                [
                    0.0,
                    0.0,
                    0.0,
                    1.0
                ]
            ]
        }
    ]
}
