{
    "camera_angle_x": 0.6911112070083618,
    "frames": [
    
    
       
   
        {
            "file_path": "./train/r_9",
            "rotation": 0.012566370614359171,
            "transform_matrix": [
                [
                    -0.8507986068725586,
                    0.20614278316497803,
                    -0.483370304107666,
                    -1.9485280513763428
                ],
                [
                    -0.5254918932914734,
                    -0.33375585079193115,
                    0.7826015949249268,
                    3.1547679901123047
                ],
                [
                    1.4901161193847656e-08,
                    0.9198436141014099,
                    0.39228537678718567,
                    1.581352949142456
                ],
                [
                    0.0,
                    0.0,
                    0.0,
                    1.0
                ]
            ]
        },
        
        {
            "file_path": "./train/r_24",
            "rotation": 0.012566370614359171,
            "transform_matrix": [
                [
                    0.697782039642334,
                    0.20249579846858978,
                    -0.6870921850204468,
                    -2.7697572708129883
                ],
                [
                    -0.7163101434707642,
                    0.19725804030895233,
                    -0.6693198084831238,
                    -2.6981143951416016
                ],
                [
                    1.4901161193847656e-08,
                    0.9592105150222778,
                    0.28269290924072266,
                    1.1395715475082397
                ],
                [
                    0.0,
                    0.0,
                    0.0,
                    1.0
                ]
            ]
        },
        
        {
            "file_path": "./train/r_28",
            "rotation": 0.012566370614359171,
            "transform_matrix": [
                [
                    0.06830453127622604,
                    0.3064652979373932,
                    -0.9494279623031616,
                    -3.8272666931152344
                ],
                [
                    -0.9976645708084106,
                    0.02098196931183338,
                    -0.06500203162431717,
                    -0.262031614780426
                ],
                [
                    0.0,
                    0.9516506195068359,
                    0.3071826696395874,
                    1.2382930517196655
                ],
                [
                    0.0,
                    0.0,
                    0.0,
                    1.0
                ]
            ]
        },
        
        {
            "file_path": "./train/r_59",
            "rotation": 0.012566370614359171,
            "transform_matrix": [
                [
                    -0.4221813976764679,
                    0.22305302321910858,
                    -0.8786411285400391,
                    -3.5419156551361084
                ],
                [
                    -0.9065114259719849,
                    -0.10388047248125076,
                    0.40920162200927734,
                    1.6495444774627686
                ],
                [
                    0.0,
                    0.9692555069923401,
                    0.24605651199817657,
                    0.9918855428695679
                ],
                [
                    0.0,
                    0.0,
                    0.0,
                    1.0
                ]
            ]
        }
    ]
}
