{
    "camera_angle_x": 0.6911112070083618,
    "frames": [
    
    
        {
            "file_path": "./train/r_2",
            "rotation": 0.012566370614359171,
            "transform_matrix": [
                [
                    0.3260957896709442,
                    0.14048941433429718,
                    -0.934839129447937,
                    -3.7684571743011475
                ],
                [
                    -0.9453368186950684,
                    0.04846210405230522,
                    -0.3224746286869049,
                    -1.2999367713928223
                ],
                [
                    0.0,
                    0.9888953566551208,
                    0.1486130952835083,
                    0.5990785360336304
                ],
                [
                    0.0,
                    0.0,
                    0.0,
                    1.0
                ]
            ]
        },
   
        {
            "file_path": "./train/r_9",
            "rotation": 0.012566370614359171,
            "transform_matrix": [
                [
                    -0.8507986068725586,
                    0.20614278316497803,
                    -0.483370304107666,
                    -1.9485280513763428
                ],
                [
                    -0.5254918932914734,
                    -0.33375585079193115,
                    0.7826015949249268,
                    3.1547679901123047
                ],
                [
                    1.4901161193847656e-08,
                    0.9198436141014099,
                    0.39228537678718567,
                    1.581352949142456
                ],
                [
                    0.0,
                    0.0,
                    0.0,
                    1.0
                ]
            ]
        },
        
        {
            "file_path": "./train/r_24",
            "rotation": 0.012566370614359171,
            "transform_matrix": [
                [
                    0.697782039642334,
                    0.20249579846858978,
                    -0.6870921850204468,
                    -2.7697572708129883
                ],
                [
                    -0.7163101434707642,
                    0.19725804030895233,
                    -0.6693198084831238,
                    -2.6981143951416016
                ],
                [
                    1.4901161193847656e-08,
                    0.9592105150222778,
                    0.28269290924072266,
                    1.1395715475082397
                ],
                [
                    0.0,
                    0.0,
                    0.0,
                    1.0
                ]
            ]
        },
        
        {
            "file_path": "./train/r_28",
            "rotation": 0.012566370614359171,
            "transform_matrix": [
                [
                    0.06830453127622604,
                    0.3064652979373932,
                    -0.9494279623031616,
                    -3.8272666931152344
                ],
                [
                    -0.9976645708084106,
                    0.02098196931183338,
                    -0.06500203162431717,
                    -0.262031614780426
                ],
                [
                    0.0,
                    0.9516506195068359,
                    0.3071826696395874,
                    1.2382930517196655
                ],
                [
                    0.0,
                    0.0,
                    0.0,
                    1.0
                ]
            ]
        },
        
        {
            "file_path": "./train/r_42",
            "rotation": 0.012566370614359171,
            "transform_matrix": [
                [
                    -0.7770290374755859,
                    0.3282945454120636,
                    -0.5370742082595825,
                    -2.165015459060669
                ],
                [
                    -0.629464864730835,
                    -0.40525591373443604,
                    0.6629793643951416,
                    2.6725552082061768
                ],
                [
                    1.4901162970204496e-08,
                    0.853223443031311,
                    0.5215454697608948,
                    2.1024169921875
                ],
                [
                    0.0,
                    0.0,
                    0.0,
                    1.0
                ]
            ]
        },
  
        {
            "file_path": "./train/r_56",
            "rotation": 0.012566370614359171,
            "transform_matrix": [
                [
                    0.8154039978981018,
                    0.14514176547527313,
                    -0.5604017972946167,
                    -2.25905179977417
                ],
                [
                    -0.5788923501968384,
                    0.20444072782993317,
                    -0.7893590331077576,
                    -3.1820080280303955
                ],
                [
                    -1.4901161193847656e-08,
                    0.9680588245391846,
                    0.2507232427597046,
                    1.0106977224349976
                ],
                [
                    0.0,
                    0.0,
                    0.0,
                    1.0
                ]
            ]
        },
      
        {
            "file_path": "./train/r_59",
            "rotation": 0.012566370614359171,
            "transform_matrix": [
                [
                    -0.4221813976764679,
                    0.22305302321910858,
                    -0.8786411285400391,
                    -3.5419156551361084
                ],
                [
                    -0.9065114259719849,
                    -0.10388047248125076,
                    0.40920162200927734,
                    1.6495444774627686
                ],
                [
                    0.0,
                    0.9692555069923401,
                    0.24605651199817657,
                    0.9918855428695679
                ],
                [
                    0.0,
                    0.0,
                    0.0,
                    1.0
                ]
            ]
        },
        
        {
            "file_path": "./train/r_74",
            "rotation": 0.012566370614359171,
            "transform_matrix": [
                [
                    -0.8769834637641907,
                    0.10982761532068253,
                    -0.4678010940551758,
                    -1.885766625404358
                ],
                [
                    -0.4805205762386322,
                    -0.20044304430484772,
                    0.8537695407867432,
                    3.441655397415161
                ],
                [
                    0.0,
                    0.9735298752784729,
                    0.22855965793132782,
                    0.9213535189628601
                ],
                [
                    0.0,
                    0.0,
                    0.0,
                    1.0
                ]
            ]
        }
    ]
}
